C:\Users\Li\Desktop\abb_irb120>python master.py
(0, 209, 188, 79.17)
(0, 249, 186, 80.185)
(0, 289, 184, 80.6925)
(0, 328, 182, 79.93125)
Yellow
(1, 223, 227, 107.59)
(1, 286, 224, 117.74000000000001)
(1, 350, 221, 123.83)
(1, 412, 219, 124.845)
Red
(2, 232, 207, 129.92)
(2, 295, 204, 128.905)
(2, 357, 201, 127.3825)
(2, 421, 199, 128.65125)
Yellow
(3, 204, 201, 81.2)
(3, 244, 199, 81.2)
(3, 284, 197, 81.2)
(3, 324, 195, 81.2)
Green
(4, 219, 205, 111.65)
(4, 258, 203, 95.41)
(4, 307, 201, 97.44)
(4, 354, 199, 96.425)
Red
(5, 203, 184, 79.17)
(5, 242, 182, 79.17)
(5, 282, 181, 80.185)
(5, 321, 179, 79.67750000000001)
Yellow
(6, 241, 141, 142.1)
(6, 315, 139, 146.16)
(6, 384, 137, 143.115)
(6, 452, 136, 140.5775)
Green